800 600
300 150 100 150
298 167 102 133
293 184 107 116
286 199 114 101
276 214 124 86
264 226 136 74
250 236 150 64
234 243 166 57
217 248 183 52
200 249 200 51
183 248 217 52
166 244 234 56
151 236 249 64
136 226 264 74
124 214 276 86
114 200 286 100
107 184 293 116
102 167 298 133
500 450 700 450
501 442 699 458
502 433 698 467
504 425 696 475
507 416 693 484
510 408 690 492
514 401 686 499
519 393 681 507
524 386 676 514
530 380 670 520
536 374 664 526
543 369 657 531
550 364 650 536
558 360 642 540
566 357 634 543
575 354 625 546
583 352 617 548
592 351 608 549
600 351 600 549
608 351 592 549
617 352 583 548
625 354 575 546
634 356 566 544
642 360 558 540
649 364 551 536
657 369 543 531
664 374 536 526
670 380 530 520
676 386 524 514
681 393 519 507
686 400 514 500
690 408 510 492
693 416 507 484
696 424 504 476
698 433 502 467
699 442 501 458
409 150 550 9
423 164 564 23
437 178 578 37
452 192 592 51
466 206 606 66
480 220 620 80
494 234 634 94
508 249 648 108
522 263 663 122
536 277 677 136
550 291 691 150
691 150 550 9
677 164 536 23
663 178 522 37
649 192 508 52
634 206 494 66
620 220 480 80
606 234 466 94
592 248 451 108
578 263 437 122
564 277 423 136
550 291 409 150
100 350 100 550
120 350 120 550
140 350 140 550
160 350 160 550
180 350 180 550
200 350 200 550
220 350 220 550
240 350 240 550
260 350 260 550
280 350 280 550
300 350 300 550
50 370 350 370
50 390 350 390
50 410 350 410
50 430 350 430
50 450 350 450
50 470 350 470
50 490 350 490
50 510 350 510
50 530 350 530